x
-1 1
1 0.002304 0.4
2 0.005333 0.4
3 0.004529 0.4
4 0.003912 0.4
5 0.008168999999999999 0.4
6 0.000114 0.4
7 0.000115 0.4
8 0 0.4
9 0.000519 0.4
10 0.043382 0.310062
11 0.060615 0.350191
12 0.062161 0.355087
13 0.069759 0.387005
14 0.004762 0.4
15 0.004746 0.4
16 0.000974 0.4
17 0.000162 0.4
18 0.001347 0.4
19 0 0.4
20 6.3e-05 0.290293
21 0.000243 0.4
22 0.001195 0.4
23 0.026246 0.312379
24 0.029293 0.380164
25 0.041221 0.348033
26 0.055517 0.390165
27 0.004174 0.4
28 6.999999999999999e-05 0.4
29 0.00177 0.4
30 0.001068 0.4
31 0.003202 0.4
32 0.001111 0.4
33 0.001961 0.4
34 0.001205 0.386275
35 0 0.364098
36 0.057261 0.32083
37 0.059058 0.367938
38 0.05405 0.298684
39 0.061614 0.338929
40 0.002591 0.4
41 0 0.398543
42 0.0005730000000000001 0.4
43 9.2e-05 0.4
44 0.000284 0.4
45 0 0.4
46 0 0.4
47 0.001322 0.4
48 0.000139 0.4
49 0.057255 0.324109
50 0.051012 0.377326
51 0.029358 0.310472
52 0.032532 0.383568
53 0.003237 0.4
54 0.000148 0.4
55 0 0.4
56 0 0.4
57 0.004008 0.4
58 0.001478 0.4
59 0.000534 0.4
60 0.00163 0.4
61 0.0009909999999999999 0.4
62 0.048525 0.356082
63 0.067144 0.371742
64 0.03659 0.336327
65 0.040145 0.359052
66 0.002419 0.4
67 0.000256 0.4
68 0.002323 0.4
69 0.00042 0.4
70 0.001199 0.4
71 0.000286 0.4
72 5.8e-05 0.4
73 0.001469 0.4
74 0.001351 0.4
75 0.026344 0.298631
76 0.048058 0.339509
77 0.027811 0.354003
78 0.07377 0.35772
79 0.001378 0.4
80 0.001244 0.4
81 0.001129 0.4
82 0.001483 0.4
83 0.001089 0.4
84 0.001537 0.4
85 0.001437 0.388512
86 0.001277 0.4
87 0.000227 0.4
88 0.029722 0.348579
89 0.027762 0.359903
90 0.041162 0.367055
91 0.059515 0.392943
92 0.000824 0.4
93 0.004398 0.4
94 0.00255 0.4
95 0.002053 0.4
96 0.001043 0.4
97 9.1e-05 0.4
98 0.000434 0.378212
99 0.004005 0.4
100 0.001464 0.4
101 0.049693 0.329057
102 0.04276 0.377692
103 0.050056 0.35957
104 0.033209 0.392374
105 0.000215 0.4
106 0.000475 0.4
107 0.001318 0.4
108 0.00021 0.4
109 0.0007649999999999999 0.4
110 0.000143 0.4
111 2.7e-05 0.4
112 0.002491 0.4
113 0.001596 0.4
114 0.031877 0.353646
115 0.033385 0.385384
116 0.028631 0.308903
117 0.029441 0.375298
118 0.001628 0.4
119 0 0.4
120 0.000131 0.4
121 0 0.4
122 0.007193 0.4
123 0.002466 0.4
124 0.006145 0.38855
125 0.002545 0.4
126 0.000544 0.4
127 0.033576 0.359468
128 0.07077 0.352053
129 0.030216 0.247881
130 0.032763 0.303088
131 7.2e-05 0.4
132 0.000367 0.4
133 0.002251 0.386501
134 0.004237 0.4
135 0.002393 0.4
136 0 0.4
137 0 0.346071
138 0.001892 0.286605
139 0.001208 0.4
140 0.046516 0.233091
141 0.055819 0.267378
142 0.051774 0.296046
143 0.07137 0.330609
144 0.000587 0.4
145 0.00135 0.4
146 0.000507 0.4
147 0.002214 0.4
148 0.003432 0.4
149 0.000818 0.4
150 0.000568 0.398942
151 0.002139 0.4
152 0 0.4
153 0.056534 0.349744
154 0.056513 0.299187
155 0.046126 0.321187
156 0.045545 0.38037
157 0.009401 0.4
158 0.007103 0.4
159 0.002364 0.4
160 0.00052 0.4
161 0.002124 0.4
162 0.00116 0.4
163 1.1e-05 0.387002
164 0.006544 0.4
165 0.008108000000000001 0.4
166 0.051951 0.300987
167 0.052053 0.335916
168 0.050938 0.336339
169 0.052201 0.350277
170 0.000402 0.4
171 0.003014 0.4
172 0.0006579999999999999 0.4
173 0.00125 0.4
174 0.002156 0.4
175 0.000767 0.4
176 0.001115 0.4
177 0.001476 0.4
178 0.000347 0.4
179 0.026224 0.354742
180 0.028862 0.400617
181 0.046608 0.324878
182 0.041293 0.329593
183 0 0.4
184 0.000398 0.4
185 0.001574 0.4
186 0.006412 0.4
187 0.002964 0.4
188 0.000237 0.4
189 0.002063 0.4
190 0.001387 0.4
191 0.000116 0.4
192 0.037388 0.310908
193 0.06987500000000001 0.333198
194 0.028003 0.29445
195 0.032702 0.312299
196 0 0.4
197 0 0.4
198 0.000353 0.4
199 0.000453 0.4
200 0.001518 0.4
201 0 0.4
202 0.000123 0.395556
203 0.001524 0.4
204 0.000724 0.4
205 0.053845 0.351331
206 0.039365 0.267656
207 0.07818700000000001 0.354725
208 0.043278 0.307922
209 0.00054 0.4
210 0.000186 0.4
211 0.001455 0.4
212 0.001157 0.4
213 0.00242 0.4
214 0.000466 0.4
215 0.001066 0.4
216 0.001344 0.4
217 8.8e-05 0.4
218 0.047135 0.335937
219 0.042078 0.288461
220 0.053851 0.356334
221 0.049562 0.292558
222 0.000122 0.4
223 0.0008899999999999999 0.4
224 0.001447 0.4
225 0.000755 0.4
226 0.013593 0.4
227 0.004117 0.4
228 0.00112 0.4
229 0.001959 0.4
230 0.000527 0.4
231 0.025939 0.365634
232 0.058241 0.3049
233 0.023955 0.326525
234 0.049464 0.314493
235 0.000106 0.4
236 0 0.4
237 0.001394 0.4
238 0.000184 0.4
239 0.001679 0.4
240 0.000297 0.4
241 0.001723 0.4
242 0.000602 0.4
243 0.000671 0.4
244 0.056175 0.38592
245 0.040439 0.308655
246 0.027865 0.38272
247 0.028891 0.322131
248 0 0.4
249 0 0.4
250 0.001608 0.4
251 0.002149 0.4
252 0.002387 0.4
253 0.003097 0.4
254 0.001096 0.4
255 0 0.4
256 0.000595 0.373532
257 0.07037400000000001 0.364484
258 0.042576 0.292255
259 0.05916 0.290311
260 0.037696 0.339522
261 0.003192 0.4
262 0.000764 0.4
263 5.1e-05 0.4
264 0 0.34702
265 0.00096 0.4
266 0.000722 0.4
267 0.009263 0.4
268 0.008725 0.4
269 0.002425 0.4
270 0.051741 0.382187
271 0.035619 0.349595
272 0.07147100000000001 0.378928
273 0.040969 0.365123
274 0.000476 0.4
275 0 0.4
276 0.002129 0.4
277 0 0.4
278 0.001031 0.4
279 0 0.4
280 6.1e-05 0.4
281 0.002405 0.4
282 0.000172 0.4
283 0.02907 0.34326
284 0.026346 0.35351
285 0.040604 0.343006
286 0.035607 0.303276
287 0.000709 0.4
288 0.000203 0.357012
289 0.002846 0.4
290 0.001121 0.4
291 0.000849 0.4
292 0.00013 0.4
293 0.000692 0.4
294 0.001535 0.396604
295 0 0.361992
296 0.044353 0.353932
297 0.031941 0.346639
298 0.043103 0.321223
299 0.045685 0.262219
300 0.003395 0.4
301 0 0.4
302 0.004271 0.4
303 0.00045 0.4
304 0.001016 0.4
305 0.000264 0.4
306 0 0.4
307 0.000485 0.4
308 0 0.4
309 0.052517 0.362569
310 0.052172 0.311578
311 0.032083 0.347402
312 0.030042 0.299121
313 0.000332 0.4
314 0.001773 0.4
315 0.006551 0.4
316 0.00338 0.4
317 0.014295 0.4
318 0 0.4
319 0.000324 0.4
320 0 0.4
321 0 0.4
322 0.081326 0.393872
323 0.05279 0.36343
324 0.062996 0.373403
325 0.04984 0.387469
